1.000000 0.201656 0.016428 0.049357 0.483516 0.000000 0.000000 0.000000 0.000000 0.000000 
0.366602 1.000000 0.186438 0.397931 0.714286 0.000000 0.000000 0.000000 0.000000 0.000000 
0.054544 0.304790 1.000000 0.724211 0.850274 0.000000 0.000000 0.000000 0.000000 0.000000 
0.193090 0.193110 0.462811 1.000000 0.753235 0.000000 0.000000 0.000000 0.000000 0.000000 
0.245033 0.104728 0.257057 0.335783 1.000000 0.000000 0.000000 0.000000 0.000000 0.000000 
0.000000 0.000000 0.000000 0.000000 0.000000 1.000000 0.000000 0.000000 0.000000 0.000000 
0.000000 0.000000 0.000000 0.000000 0.000000 0.000000 1.000000 0.000000 0.000000 0.000000 
0.000000 0.000000 0.000000 0.000000 0.000000 0.000000 0.000000 1.000000 0.000000 0.000000 
0.000000 0.000000 0.000000 0.000000 0.000000 0.000000 0.000000 0.000000 1.000000 0.000000 
0.000000 0.000000 0.000000 0.000000 0.000000 0.000000 0.000000 0.000000 0.000000 1.000000 
