435.750000 435.750000 435.750000 435.750000 435.750000 435.750000 435.750000 435.750000 435.750000 435.750000 435.750000 435.750000 435.750000 435.750000 435.750000 435.750000 
435.687500 435.687500 435.687500 435.687500 435.687500 435.687500 435.687500 435.687500 435.687500 435.687500 435.687500 435.687500 435.687500 435.687500 435.687500 435.687500 
441.125000 441.125000 441.125000 441.125000 441.125000 441.125000 441.125000 441.125000 441.125000 441.125000 441.125000 441.125000 441.125000 441.125000 441.125000 441.125000 
442.000000 442.000000 442.000000 442.000000 442.000000 442.000000 442.000000 442.000000 442.000000 442.000000 442.000000 442.000000 442.000000 442.000000 442.000000 442.000000 
441.875000 441.875000 441.875000 441.875000 441.875000 441.875000 441.875000 441.875000 441.875000 441.875000 441.875000 441.875000 441.875000 441.875000 441.875000 441.875000 
441.750000 441.750000 441.750000 441.750000 441.750000 441.750000 441.750000 441.750000 441.750000 441.750000 441.750000 441.750000 441.750000 441.750000 441.750000 441.750000 
444.000000 444.000000 444.000000 444.000000 444.000000 444.000000 444.000000 444.000000 444.000000 444.000000 444.000000 444.000000 444.000000 444.000000 444.000000 444.000000 
444.750000 444.750000 444.750000 444.750000 444.750000 444.750000 444.750000 444.750000 444.750000 444.750000 444.750000 444.750000 444.750000 444.750000 444.750000 444.750000 
444.437500 444.437500 444.437500 444.437500 444.437500 444.437500 444.437500 444.437500 444.437500 444.437500 444.437500 444.437500 444.437500 444.437500 444.437500 444.437500 
449.437500 449.437500 449.437500 449.437500 449.437500 449.437500 449.437500 449.437500 449.437500 449.437500 449.437500 449.437500 449.437500 449.437500 449.437500 449.437500 
449.375000 449.375000 449.375000 449.375000 449.375000 449.375000 449.375000 449.375000 449.375000 449.375000 449.375000 449.375000 449.375000 449.375000 449.375000 449.375000 
449.437500 449.437500 449.437500 449.437500 449.437500 449.437500 449.437500 449.437500 449.437500 449.437500 449.437500 449.437500 449.437500 449.437500 449.437500 449.437500 
449.375000 449.375000 449.375000 449.375000 449.375000 449.375000 449.375000 449.375000 449.375000 449.375000 449.375000 449.375000 449.375000 449.375000 449.375000 449.375000 
449.625000 449.625000 449.625000 449.625000 449.625000 449.625000 449.625000 449.625000 449.625000 449.625000 449.625000 449.625000 449.625000 449.625000 449.625000 449.625000 
449.500000 449.500000 449.500000 449.500000 449.500000 449.500000 449.500000 449.500000 449.500000 449.500000 449.500000 449.500000 449.500000 449.500000 449.500000 449.500000 
449.562500 449.562500 449.562500 449.562500 449.562500 449.562500 449.562500 449.562500 449.562500 449.562500 449.562500 449.562500 449.562500 449.562500 449.562500 449.562500 
57.125000 57.125000 57.125000 57.125000 57.125000 57.125000 57.125000 57.125000 57.125000 57.125000 57.125000 57.125000 57.125000 57.125000 57.125000 57.125000 
57.562500 57.562500 57.562500 57.562500 57.562500 57.562500 57.562500 57.562500 57.562500 57.562500 57.562500 57.562500 57.562500 57.562500 57.562500 57.562500 
56.125000 56.125000 56.125000 56.125000 56.125000 56.125000 56.125000 56.125000 56.125000 56.125000 56.125000 56.125000 56.125000 56.125000 56.125000 56.125000 
57.250000 57.250000 57.250000 57.250000 57.250000 57.250000 57.250000 57.250000 57.250000 57.250000 57.250000 57.250000 57.250000 57.250000 57.250000 57.250000 
57.125000 57.125000 57.125000 57.125000 57.125000 57.125000 57.125000 57.125000 57.125000 57.125000 57.125000 57.125000 57.125000 57.125000 57.125000 57.125000 
55.500000 55.500000 55.500000 55.500000 55.500000 55.500000 55.500000 55.500000 55.500000 55.500000 55.500000 55.500000 55.500000 55.500000 55.500000 55.500000 
55.687500 55.687500 55.687500 55.687500 55.687500 55.687500 55.687500 55.687500 55.687500 55.687500 55.687500 55.687500 55.687500 55.687500 55.687500 55.687500 
56.250000 56.250000 56.250000 56.250000 56.250000 56.250000 56.250000 56.250000 56.250000 56.250000 56.250000 56.250000 56.250000 56.250000 56.250000 56.250000 
55.937500 55.937500 55.937500 55.937500 55.937500 55.937500 55.937500 55.937500 55.937500 55.937500 55.937500 55.937500 55.937500 55.937500 55.937500 55.937500 
61.437500 61.437500 61.437500 61.437500 61.437500 61.437500 61.437500 61.437500 61.437500 61.437500 61.437500 61.437500 61.437500 61.437500 61.437500 61.437500 
56.000000 56.000000 56.000000 56.000000 56.000000 56.000000 56.000000 56.000000 56.000000 56.000000 56.000000 56.000000 56.000000 56.000000 56.000000 56.000000 
56.812500 56.812500 56.812500 56.812500 56.812500 56.812500 56.812500 56.812500 56.812500 56.812500 56.812500 56.812500 56.812500 56.812500 56.812500 56.812500 
64.625000 64.625000 64.625000 64.625000 64.625000 64.625000 64.625000 64.625000 64.625000 64.625000 64.625000 64.625000 64.625000 64.625000 64.625000 64.625000 
56.875000 56.875000 56.875000 56.875000 56.875000 56.875000 56.875000 56.875000 56.875000 56.875000 56.875000 56.875000 56.875000 56.875000 56.875000 56.875000 
60.125000 60.125000 60.125000 60.125000 60.125000 60.125000 60.125000 60.125000 60.125000 60.125000 60.125000 60.125000 60.125000 60.125000 60.125000 60.125000 
61.250000 61.250000 61.250000 61.250000 61.250000 61.250000 61.250000 61.250000 61.250000 61.250000 61.250000 61.250000 61.250000 61.250000 61.250000 61.250000 
43.375000 43.375000 43.375000 43.375000 43.375000 43.375000 43.375000 43.375000 43.375000 43.375000 43.375000 43.375000 43.375000 43.375000 43.375000 43.375000 
43.250000 43.250000 43.250000 43.250000 43.250000 43.250000 43.250000 43.250000 43.250000 43.250000 43.250000 43.250000 43.250000 43.250000 43.250000 43.250000 
43.000000 43.000000 43.000000 43.000000 43.000000 43.000000 43.000000 43.000000 43.000000 43.000000 43.000000 43.000000 43.000000 43.000000 43.000000 43.000000 
43.812500 43.812500 43.812500 43.812500 43.812500 43.812500 43.812500 43.812500 43.812500 43.812500 43.812500 43.812500 43.812500 43.812500 43.812500 43.812500 
46.062500 46.062500 46.062500 46.062500 46.062500 46.062500 46.062500 46.062500 46.062500 46.062500 46.062500 46.062500 46.062500 46.062500 46.062500 46.062500 
46.250000 46.250000 46.250000 46.250000 46.250000 46.250000 46.250000 46.250000 46.250000 46.250000 46.250000 46.250000 46.250000 46.250000 46.250000 46.250000 
48.062500 48.062500 48.062500 48.062500 48.062500 48.062500 48.062500 48.062500 48.062500 48.062500 48.062500 48.062500 48.062500 48.062500 48.062500 48.062500 
43.375000 43.375000 43.375000 43.375000 43.375000 43.375000 43.375000 43.375000 43.375000 43.375000 43.375000 43.375000 43.375000 43.375000 43.375000 43.375000 
44.750000 44.750000 44.750000 44.750000 44.750000 44.750000 44.750000 44.750000 44.750000 44.750000 44.750000 44.750000 44.750000 44.750000 44.750000 44.750000 
45.187500 45.187500 45.187500 45.187500 45.187500 45.187500 45.187500 45.187500 45.187500 45.187500 45.187500 45.187500 45.187500 45.187500 45.187500 45.187500 
49.750000 49.750000 49.750000 49.750000 49.750000 49.750000 49.750000 49.750000 49.750000 49.750000 49.750000 49.750000 49.750000 49.750000 49.750000 49.750000 
52.125000 52.125000 52.125000 52.125000 52.125000 52.125000 52.125000 52.125000 52.125000 52.125000 52.125000 52.125000 52.125000 52.125000 52.125000 52.125000 
47.875000 47.875000 47.875000 47.875000 47.875000 47.875000 47.875000 47.875000 47.875000 47.875000 47.875000 47.875000 47.875000 47.875000 47.875000 47.875000 
52.687500 52.687500 52.687500 52.687500 52.687500 52.687500 52.687500 52.687500 52.687500 52.687500 52.687500 52.687500 52.687500 52.687500 52.687500 52.687500 
53.125000 53.125000 53.125000 53.125000 53.125000 53.125000 53.125000 53.125000 53.125000 53.125000 53.125000 53.125000 53.125000 53.125000 53.125000 53.125000 
49.375000 49.375000 49.375000 49.375000 49.375000 49.375000 49.375000 49.375000 49.375000 49.375000 49.375000 49.375000 49.375000 49.375000 49.375000 49.375000 
25.875000 25.875000 25.875000 25.875000 25.875000 25.875000 25.875000 25.875000 25.875000 25.875000 25.875000 25.875000 25.875000 25.875000 25.875000 25.875000 
28.375000 28.375000 28.375000 28.375000 28.375000 28.375000 28.375000 28.375000 28.375000 28.375000 28.375000 28.375000 28.375000 28.375000 28.375000 28.375000 
30.000000 30.000000 30.000000 30.000000 30.000000 30.000000 30.000000 30.000000 30.000000 30.000000 30.000000 30.000000 30.000000 30.000000 30.000000 30.000000 
28.187500 28.187500 28.187500 28.187500 28.187500 28.187500 28.187500 28.187500 28.187500 28.187500 28.187500 28.187500 28.187500 28.187500 28.187500 28.187500 
30.937500 30.937500 30.937500 30.937500 30.937500 30.937500 30.937500 30.937500 30.937500 30.937500 30.937500 30.937500 30.937500 30.937500 30.937500 30.937500 
31.500000 31.500000 31.500000 31.500000 31.500000 31.500000 31.500000 31.500000 31.500000 31.500000 31.500000 31.500000 31.500000 31.500000 31.500000 31.500000 
32.625000 32.625000 32.625000 32.625000 32.625000 32.625000 32.625000 32.625000 32.625000 32.625000 32.625000 32.625000 32.625000 32.625000 32.625000 32.625000 
32.812500 32.812500 32.812500 32.812500 32.812500 32.812500 32.812500 32.812500 32.812500 32.812500 32.812500 32.812500 32.812500 32.812500 32.812500 32.812500 
25.125000 25.125000 25.125000 25.125000 25.125000 25.125000 25.125000 25.125000 25.125000 25.125000 25.125000 25.125000 25.125000 25.125000 25.125000 25.125000 
25.500000 25.500000 25.500000 25.500000 25.500000 25.500000 25.500000 25.500000 25.500000 25.500000 25.500000 25.500000 25.500000 25.500000 25.500000 25.500000 
25.375000 25.375000 25.375000 25.375000 25.375000 25.375000 25.375000 25.375000 25.375000 25.375000 25.375000 25.375000 25.375000 25.375000 25.375000 25.375000 
28.687500 28.687500 28.687500 28.687500 28.687500 28.687500 28.687500 28.687500 28.687500 28.687500 28.687500 28.687500 28.687500 28.687500 28.687500 28.687500 
22.500000 22.500000 22.500000 22.500000 22.500000 22.500000 22.500000 22.500000 22.500000 22.500000 22.500000 22.500000 22.500000 22.500000 22.500000 22.500000 
23.750000 23.750000 23.750000 23.750000 23.750000 23.750000 23.750000 23.750000 23.750000 23.750000 23.750000 23.750000 23.750000 23.750000 23.750000 23.750000 
20.062500 20.062500 20.062500 20.062500 20.062500 20.062500 20.062500 20.062500 20.062500 20.062500 20.062500 20.062500 20.062500 20.062500 20.062500 20.062500 
49.875000 49.875000 49.875000 49.875000 49.875000 49.875000 49.875000 49.875000 49.875000 49.875000 49.875000 49.875000 49.875000 49.875000 49.875000 49.875000 
52.375000 52.375000 52.375000 52.375000 52.375000 52.375000 52.375000 52.375000 52.375000 52.375000 52.375000 52.375000 52.375000 52.375000 52.375000 52.375000 
51.687500 51.687500 51.687500 51.687500 51.687500 51.687500 51.687500 51.687500 51.687500 51.687500 51.687500 51.687500 51.687500 51.687500 51.687500 51.687500 
52.062500 52.062500 52.062500 52.062500 52.062500 52.062500 52.062500 52.062500 52.062500 52.062500 52.062500 52.062500 52.062500 52.062500 52.062500 52.062500 
53.000000 53.000000 53.000000 53.000000 53.000000 53.000000 53.000000 53.000000 53.000000 53.000000 53.000000 53.000000 53.000000 53.000000 53.000000 53.000000 
52.687500 52.687500 52.687500 52.687500 52.687500 52.687500 52.687500 52.687500 52.687500 52.687500 52.687500 52.687500 52.687500 52.687500 52.687500 52.687500 
54.625000 54.625000 54.625000 54.625000 54.625000 54.625000 54.625000 54.625000 54.625000 54.625000 54.625000 54.625000 54.625000 54.625000 54.625000 54.625000 
58.312500 58.312500 58.312500 58.312500 58.312500 58.312500 58.312500 58.312500 58.312500 58.312500 58.312500 58.312500 58.312500 58.312500 58.312500 58.312500 
60.937500 60.937500 60.937500 60.937500 60.937500 60.937500 60.937500 60.937500 60.937500 60.937500 60.937500 60.937500 60.937500 60.937500 60.937500 60.937500 
60.875000 60.875000 60.875000 60.875000 60.875000 60.875000 60.875000 60.875000 60.875000 60.875000 60.875000 60.875000 60.875000 60.875000 60.875000 60.875000 
60.250000 60.250000 60.250000 60.250000 60.250000 60.250000 60.250000 60.250000 60.250000 60.250000 60.250000 60.250000 60.250000 60.250000 60.250000 60.250000 
59.250000 59.250000 59.250000 59.250000 59.250000 59.250000 59.250000 59.250000 59.250000 59.250000 59.250000 59.250000 59.250000 59.250000 59.250000 59.250000 
59.000000 59.000000 59.000000 59.000000 59.000000 59.000000 59.000000 59.000000 59.000000 59.000000 59.000000 59.000000 59.000000 59.000000 59.000000 59.000000 
59.562500 59.562500 59.562500 59.562500 59.562500 59.562500 59.562500 59.562500 59.562500 59.562500 59.562500 59.562500 59.562500 59.562500 59.562500 59.562500 
61.375000 61.375000 61.375000 61.375000 61.375000 61.375000 61.375000 61.375000 61.375000 61.375000 61.375000 61.375000 61.375000 61.375000 61.375000 61.375000 
62.750000 62.750000 62.750000 62.750000 62.750000 62.750000 62.750000 62.750000 62.750000 62.750000 62.750000 62.750000 62.750000 62.750000 62.750000 62.750000 
40.625000 40.625000 40.625000 40.625000 40.625000 40.625000 40.625000 40.625000 40.625000 40.625000 40.625000 40.625000 40.625000 40.625000 40.625000 40.625000 
42.687500 42.687500 42.687500 42.687500 42.687500 42.687500 42.687500 42.687500 42.687500 42.687500 42.687500 42.687500 42.687500 42.687500 42.687500 42.687500 
43.437500 43.437500 43.437500 43.437500 43.437500 43.437500 43.437500 43.437500 43.437500 43.437500 43.437500 43.437500 43.437500 43.437500 43.437500 43.437500 
46.000000 46.000000 46.000000 46.000000 46.000000 46.000000 46.000000 46.000000 46.000000 46.000000 46.000000 46.000000 46.000000 46.000000 46.000000 46.000000 
46.937500 46.937500 46.937500 46.937500 46.937500 46.937500 46.937500 46.937500 46.937500 46.937500 46.937500 46.937500 46.937500 46.937500 46.937500 46.937500 
43.500000 43.500000 43.500000 43.500000 43.500000 43.500000 43.500000 43.500000 43.500000 43.500000 43.500000 43.500000 43.500000 43.500000 43.500000 43.500000 
47.625000 47.625000 47.625000 47.625000 47.625000 47.625000 47.625000 47.625000 47.625000 47.625000 47.625000 47.625000 47.625000 47.625000 47.625000 47.625000 
46.062500 46.062500 46.062500 46.062500 46.062500 46.062500 46.062500 46.062500 46.062500 46.062500 46.062500 46.062500 46.062500 46.062500 46.062500 46.062500 
44.375000 44.375000 44.375000 44.375000 44.375000 44.375000 44.375000 44.375000 44.375000 44.375000 44.375000 44.375000 44.375000 44.375000 44.375000 44.375000 
48.375000 48.375000 48.375000 48.375000 48.375000 48.375000 48.375000 48.375000 48.375000 48.375000 48.375000 48.375000 48.375000 48.375000 48.375000 48.375000 
49.250000 49.250000 49.250000 49.250000 49.250000 49.250000 49.250000 49.250000 49.250000 49.250000 49.250000 49.250000 49.250000 49.250000 49.250000 49.250000 
57.562500 57.562500 57.562500 57.562500 57.562500 57.562500 57.562500 57.562500 57.562500 57.562500 57.562500 57.562500 57.562500 57.562500 57.562500 57.562500 
50.312500 50.312500 50.312500 50.312500 50.312500 50.312500 50.312500 50.312500 50.312500 50.312500 50.312500 50.312500 50.312500 50.312500 50.312500 50.312500 
50.750000 50.750000 50.750000 50.750000 50.750000 50.750000 50.750000 50.750000 50.750000 50.750000 50.750000 50.750000 50.750000 50.750000 50.750000 50.750000 
52.875000 52.875000 52.875000 52.875000 52.875000 52.875000 52.875000 52.875000 52.875000 52.875000 52.875000 52.875000 52.875000 52.875000 52.875000 52.875000 
29.937500 29.937500 29.937500 29.937500 29.937500 29.937500 29.937500 29.937500 29.937500 29.937500 29.937500 29.937500 29.937500 29.937500 29.937500 29.937500 
63.500000 63.500000 63.500000 63.500000 63.500000 63.500000 63.500000 63.500000 63.500000 63.500000 63.500000 63.500000 63.500000 63.500000 63.500000 63.500000 
27.625000 27.625000 27.625000 27.625000 27.625000 27.625000 27.625000 27.625000 27.625000 27.625000 27.625000 27.625000 27.625000 27.625000 27.625000 27.625000 
30.312500 30.312500 30.312500 30.312500 30.312500 30.312500 30.312500 30.312500 30.312500 30.312500 30.312500 30.312500 30.312500 30.312500 30.312500 30.312500 
28.062500 28.062500 28.062500 28.062500 28.062500 28.062500 28.062500 28.062500 28.062500 28.062500 28.062500 28.062500 28.062500 28.062500 28.062500 28.062500 
28.562500 28.562500 28.562500 28.562500 28.562500 28.562500 28.562500 28.562500 28.562500 28.562500 28.562500 28.562500 28.562500 28.562500 28.562500 28.562500 
30.562500 30.562500 30.562500 30.562500 30.562500 30.562500 30.562500 30.562500 30.562500 30.562500 30.562500 30.562500 30.562500 30.562500 30.562500 30.562500 
34.312500 34.312500 34.312500 34.312500 34.312500 34.312500 34.312500 34.312500 34.312500 34.312500 34.312500 34.312500 34.312500 34.312500 34.312500 34.312500 
25.437500 25.437500 25.437500 25.437500 25.437500 25.437500 25.437500 25.437500 25.437500 25.437500 25.437500 25.437500 25.437500 25.437500 25.437500 25.437500 
23.250000 23.250000 23.250000 23.250000 23.250000 23.250000 23.250000 23.250000 23.250000 23.250000 23.250000 23.250000 23.250000 23.250000 23.250000 23.250000 
29.312500 29.312500 29.312500 29.312500 29.312500 29.312500 29.312500 29.312500 29.312500 29.312500 29.312500 29.312500 29.312500 29.312500 29.312500 29.312500 
29.750000 29.750000 29.750000 29.750000 29.750000 29.750000 29.750000 29.750000 29.750000 29.750000 29.750000 29.750000 29.750000 29.750000 29.750000 29.750000 
23.937500 23.937500 23.937500 23.937500 23.937500 23.937500 23.937500 23.937500 23.937500 23.937500 23.937500 23.937500 23.937500 23.937500 23.937500 23.937500 
22.437500 22.437500 22.437500 22.437500 22.437500 22.437500 22.437500 22.437500 22.437500 22.437500 22.437500 22.437500 22.437500 22.437500 22.437500 22.437500 
22.812500 22.812500 22.812500 22.812500 22.812500 22.812500 22.812500 22.812500 22.812500 22.812500 22.812500 22.812500 22.812500 22.812500 22.812500 22.812500 
20.500000 20.500000 20.500000 20.500000 20.500000 20.500000 20.500000 20.500000 20.500000 20.500000 20.500000 20.500000 20.500000 20.500000 20.500000 20.500000 
54.437500 54.437500 54.437500 54.437500 54.437500 54.437500 54.437500 54.437500 54.437500 54.437500 54.437500 54.437500 54.437500 54.437500 54.437500 54.437500 
54.437500 54.437500 54.437500 54.437500 54.437500 54.437500 54.437500 54.437500 54.437500 54.437500 54.437500 54.437500 54.437500 54.437500 54.437500 54.437500 
53.937500 53.937500 53.937500 53.937500 53.937500 53.937500 53.937500 53.937500 53.937500 53.937500 53.937500 53.937500 53.937500 53.937500 53.937500 53.937500 
53.562500 53.562500 53.562500 53.562500 53.562500 53.562500 53.562500 53.562500 53.562500 53.562500 53.562500 53.562500 53.562500 53.562500 53.562500 53.562500 
54.562500 54.562500 54.562500 54.562500 54.562500 54.562500 54.562500 54.562500 54.562500 54.562500 54.562500 54.562500 54.562500 54.562500 54.562500 54.562500 
60.250000 60.250000 60.250000 60.250000 60.250000 60.250000 60.250000 60.250000 60.250000 60.250000 60.250000 60.250000 60.250000 60.250000 60.250000 60.250000 
61.250000 61.250000 61.250000 61.250000 61.250000 61.250000 61.250000 61.250000 61.250000 61.250000 61.250000 61.250000 61.250000 61.250000 61.250000 61.250000 
60.625000 60.625000 60.625000 60.625000 60.625000 60.625000 60.625000 60.625000 60.625000 60.625000 60.625000 60.625000 60.625000 60.625000 60.625000 60.625000 
60.500000 60.500000 60.500000 60.500000 60.500000 60.500000 60.500000 60.500000 60.500000 60.500000 60.500000 60.500000 60.500000 60.500000 60.500000 60.500000 
61.937500 61.937500 61.937500 61.937500 61.937500 61.937500 61.937500 61.937500 61.937500 61.937500 61.937500 61.937500 61.937500 61.937500 61.937500 61.937500 
61.125000 61.125000 61.125000 61.125000 61.125000 61.125000 61.125000 61.125000 61.125000 61.125000 61.125000 61.125000 61.125000 61.125000 61.125000 61.125000 
61.375000 61.375000 61.375000 61.375000 61.375000 61.375000 61.375000 61.375000 61.375000 61.375000 61.375000 61.375000 61.375000 61.375000 61.375000 61.375000 
64.562500 64.562500 64.562500 64.562500 64.562500 64.562500 64.562500 64.562500 64.562500 64.562500 64.562500 64.562500 64.562500 64.562500 64.562500 64.562500 
64.812500 64.812500 64.812500 64.812500 64.812500 64.812500 64.812500 64.812500 64.812500 64.812500 64.812500 64.812500 64.812500 64.812500 64.812500 64.812500 
64.562500 64.562500 64.562500 64.562500 64.562500 64.562500 64.562500 64.562500 64.562500 64.562500 64.562500 64.562500 64.562500 64.562500 64.562500 64.562500 
64.437500 64.437500 64.437500 64.437500 64.437500 64.437500 64.437500 64.437500 64.437500 64.437500 64.437500 64.437500 64.437500 64.437500 64.437500 64.437500 
42.375000 42.375000 42.375000 42.375000 42.375000 42.375000 42.375000 42.375000 42.375000 42.375000 42.375000 42.375000 42.375000 42.375000 42.375000 42.375000 
45.000000 45.000000 45.000000 45.000000 45.000000 45.000000 45.000000 45.000000 45.000000 45.000000 45.000000 45.000000 45.000000 45.000000 45.000000 45.000000 
45.937500 45.937500 45.937500 45.937500 45.937500 45.937500 45.937500 45.937500 45.937500 45.937500 45.937500 45.937500 45.937500 45.937500 45.937500 45.937500 
45.812500 45.812500 45.812500 45.812500 45.812500 45.812500 45.812500 45.812500 45.812500 45.812500 45.812500 45.812500 45.812500 45.812500 45.812500 45.812500 
45.937500 45.937500 45.937500 45.937500 45.937500 45.937500 45.937500 45.937500 45.937500 45.937500 45.937500 45.937500 45.937500 45.937500 45.937500 45.937500 
46.312500 46.312500 46.312500 46.312500 46.312500 46.312500 46.312500 46.312500 46.312500 46.312500 46.312500 46.312500 46.312500 46.312500 46.312500 46.312500 
46.500000 46.500000 46.500000 46.500000 46.500000 46.500000 46.500000 46.500000 46.500000 46.500000 46.500000 46.500000 46.500000 46.500000 46.500000 46.500000 
46.812500 46.812500 46.812500 46.812500 46.812500 46.812500 46.812500 46.812500 46.812500 46.812500 46.812500 46.812500 46.812500 46.812500 46.812500 46.812500 
47.625000 47.625000 47.625000 47.625000 47.625000 47.625000 47.625000 47.625000 47.625000 47.625000 47.625000 47.625000 47.625000 47.625000 47.625000 47.625000 
50.437500 50.437500 50.437500 50.437500 50.437500 50.437500 50.437500 50.437500 50.437500 50.437500 50.437500 50.437500 50.437500 50.437500 50.437500 50.437500 
49.000000 49.000000 49.000000 49.000000 49.000000 49.000000 49.000000 49.000000 49.000000 49.000000 49.000000 49.000000 49.000000 49.000000 49.000000 49.000000 
53.375000 53.375000 53.375000 53.375000 53.375000 53.375000 53.375000 53.375000 53.375000 53.375000 53.375000 53.375000 53.375000 53.375000 53.375000 53.375000 
53.500000 53.500000 53.500000 53.500000 53.500000 53.500000 53.500000 53.500000 53.500000 53.500000 53.500000 53.500000 53.500000 53.500000 53.500000 53.500000 
51.250000 51.250000 51.250000 51.250000 51.250000 51.250000 51.250000 51.250000 51.250000 51.250000 51.250000 51.250000 51.250000 51.250000 51.250000 51.250000 
63.750000 63.750000 63.750000 63.750000 63.750000 63.750000 63.750000 63.750000 63.750000 63.750000 63.750000 63.750000 63.750000 63.750000 63.750000 63.750000 
57.250000 57.250000 57.250000 57.250000 57.250000 57.250000 57.250000 57.250000 57.250000 57.250000 57.250000 57.250000 57.250000 57.250000 57.250000 57.250000 
28.750000 28.750000 28.750000 28.750000 28.750000 28.750000 28.750000 28.750000 28.750000 28.750000 28.750000 28.750000 28.750000 28.750000 28.750000 28.750000 
30.750000 30.750000 30.750000 30.750000 30.750000 30.750000 30.750000 30.750000 30.750000 30.750000 30.750000 30.750000 30.750000 30.750000 30.750000 30.750000 
29.500000 29.500000 29.500000 29.500000 29.500000 29.500000 29.500000 29.500000 29.500000 29.500000 29.500000 29.500000 29.500000 29.500000 29.500000 29.500000 
29.375000 29.375000 29.375000 29.375000 29.375000 29.375000 29.375000 29.375000 29.375000 29.375000 29.375000 29.375000 29.375000 29.375000 29.375000 29.375000 
31.750000 31.750000 31.750000 31.750000 31.750000 31.750000 31.750000 31.750000 31.750000 31.750000 31.750000 31.750000 31.750000 31.750000 31.750000 31.750000 
31.687500 31.687500 31.687500 31.687500 31.687500 31.687500 31.687500 31.687500 31.687500 31.687500 31.687500 31.687500 31.687500 31.687500 31.687500 31.687500 
30.937500 30.937500 30.937500 30.937500 30.937500 30.937500 30.937500 30.937500 30.937500 30.937500 30.937500 30.937500 30.937500 30.937500 30.937500 30.937500 
28.875000 28.875000 28.875000 28.875000 28.875000 28.875000 28.875000 28.875000 28.875000 28.875000 28.875000 28.875000 28.875000 28.875000 28.875000 28.875000 
24.437500 24.437500 24.437500 24.437500 24.437500 24.437500 24.437500 24.437500 24.437500 24.437500 24.437500 24.437500 24.437500 24.437500 24.437500 24.437500 
25.312500 25.312500 25.312500 25.312500 25.312500 25.312500 25.312500 25.312500 25.312500 25.312500 25.312500 25.312500 25.312500 25.312500 25.312500 25.312500 
25.187500 25.187500 25.187500 25.187500 25.187500 25.187500 25.187500 25.187500 25.187500 25.187500 25.187500 25.187500 25.187500 25.187500 25.187500 25.187500 
26.500000 26.500000 26.500000 26.500000 26.500000 26.500000 26.500000 26.500000 26.500000 26.500000 26.500000 26.500000 26.500000 26.500000 26.500000 26.500000 
21.562500 21.562500 21.562500 21.562500 21.562500 21.562500 21.562500 21.562500 21.562500 21.562500 21.562500 21.562500 21.562500 21.562500 21.562500 21.562500 
23.937500 23.937500 23.937500 23.937500 23.937500 23.937500 23.937500 23.937500 23.937500 23.937500 23.937500 23.937500 23.937500 23.937500 23.937500 23.937500 
20.437500 20.437500 20.437500 20.437500 20.437500 20.437500 20.437500 20.437500 20.437500 20.437500 20.437500 20.437500 20.437500 20.437500 20.437500 20.437500 
51.750000 51.750000 51.750000 51.750000 51.750000 51.750000 51.750000 51.750000 51.750000 51.750000 51.750000 51.750000 51.750000 51.750000 51.750000 51.750000 
54.687500 54.687500 54.687500 54.687500 54.687500 54.687500 54.687500 54.687500 54.687500 54.687500 54.687500 54.687500 54.687500 54.687500 54.687500 54.687500 
53.812500 53.812500 53.812500 53.812500 53.812500 53.812500 53.812500 53.812500 53.812500 53.812500 53.812500 53.812500 53.812500 53.812500 53.812500 53.812500 
55.062500 55.062500 55.062500 55.062500 55.062500 55.062500 55.062500 55.062500 55.062500 55.062500 55.062500 55.062500 55.062500 55.062500 55.062500 55.062500 
54.625000 54.625000 54.625000 54.625000 54.625000 54.625000 54.625000 54.625000 54.625000 54.625000 54.625000 54.625000 54.625000 54.625000 54.625000 54.625000 
55.875000 55.875000 55.875000 55.875000 55.875000 55.875000 55.875000 55.875000 55.875000 55.875000 55.875000 55.875000 55.875000 55.875000 55.875000 55.875000 
56.937500 56.937500 56.937500 56.937500 56.937500 56.937500 56.937500 56.937500 56.937500 56.937500 56.937500 56.937500 56.937500 56.937500 56.937500 56.937500 
57.687500 57.687500 57.687500 57.687500 57.687500 57.687500 57.687500 57.687500 57.687500 57.687500 57.687500 57.687500 57.687500 57.687500 57.687500 57.687500 
57.562500 57.562500 57.562500 57.562500 57.562500 57.562500 57.562500 57.562500 57.562500 57.562500 57.562500 57.562500 57.562500 57.562500 57.562500 57.562500 
61.250000 61.250000 61.250000 61.250000 61.250000 61.250000 61.250000 61.250000 61.250000 61.250000 61.250000 61.250000 61.250000 61.250000 61.250000 61.250000 
59.000000 59.000000 59.000000 59.000000 59.000000 59.000000 59.000000 59.000000 59.000000 59.000000 59.000000 59.000000 59.000000 59.000000 59.000000 59.000000 
59.812500 59.812500 59.812500 59.812500 59.812500 59.812500 59.812500 59.812500 59.812500 59.812500 59.812500 59.812500 59.812500 59.812500 59.812500 59.812500 
60.625000 60.625000 60.625000 60.625000 60.625000 60.625000 60.625000 60.625000 60.625000 60.625000 60.625000 60.625000 60.625000 60.625000 60.625000 60.625000 
59.437500 59.437500 59.437500 59.437500 59.437500 59.437500 59.437500 59.437500 59.437500 59.437500 59.437500 59.437500 59.437500 59.437500 59.437500 59.437500 
61.812500 61.812500 61.812500 61.812500 61.812500 61.812500 61.812500 61.812500 61.812500 61.812500 61.812500 61.812500 61.812500 61.812500 61.812500 61.812500 
59.750000 59.750000 59.750000 59.750000 59.750000 59.750000 59.750000 59.750000 59.750000 59.750000 59.750000 59.750000 59.750000 59.750000 59.750000 59.750000 
41.250000 41.250000 41.250000 41.250000 41.250000 41.250000 41.250000 41.250000 41.250000 41.250000 41.250000 41.250000 41.250000 41.250000 41.250000 41.250000 
46.250000 46.250000 46.250000 46.250000 46.250000 46.250000 46.250000 46.250000 46.250000 46.250000 46.250000 46.250000 46.250000 46.250000 46.250000 46.250000 
46.625000 46.625000 46.625000 46.625000 46.625000 46.625000 46.625000 46.625000 46.625000 46.625000 46.625000 46.625000 46.625000 46.625000 46.625000 46.625000 
48.312500 48.312500 48.312500 48.312500 48.312500 48.312500 48.312500 48.312500 48.312500 48.312500 48.312500 48.312500 48.312500 48.312500 48.312500 48.312500 
47.187500 47.187500 47.187500 47.187500 47.187500 47.187500 47.187500 47.187500 47.187500 47.187500 47.187500 47.187500 47.187500 47.187500 47.187500 47.187500 
47.062500 47.062500 47.062500 47.062500 47.062500 47.062500 47.062500 47.062500 47.062500 47.062500 47.062500 47.062500 47.062500 47.062500 47.062500 47.062500 
49.687500 49.687500 49.687500 49.687500 49.687500 49.687500 49.687500 49.687500 49.687500 49.687500 49.687500 49.687500 49.687500 49.687500 49.687500 49.687500 
52.812500 52.812500 52.812500 52.812500 52.812500 52.812500 52.812500 52.812500 52.812500 52.812500 52.812500 52.812500 52.812500 52.812500 52.812500 52.812500 
52.875000 52.875000 52.875000 52.875000 52.875000 52.875000 52.875000 52.875000 52.875000 52.875000 52.875000 52.875000 52.875000 52.875000 52.875000 52.875000 
51.562500 51.562500 51.562500 51.562500 51.562500 51.562500 51.562500 51.562500 51.562500 51.562500 51.562500 51.562500 51.562500 51.562500 51.562500 51.562500 
51.375000 51.375000 51.375000 51.375000 51.375000 51.375000 51.375000 51.375000 51.375000 51.375000 51.375000 51.375000 51.375000 51.375000 51.375000 51.375000 
54.062500 54.062500 54.062500 54.062500 54.062500 54.062500 54.062500 54.062500 54.062500 54.062500 54.062500 54.062500 54.062500 54.062500 54.062500 54.062500 
54.687500 54.687500 54.687500 54.687500 54.687500 54.687500 54.687500 54.687500 54.687500 54.687500 54.687500 54.687500 54.687500 54.687500 54.687500 54.687500 
55.625000 55.625000 55.625000 55.625000 55.625000 55.625000 55.625000 55.625000 55.625000 55.625000 55.625000 55.625000 55.625000 55.625000 55.625000 55.625000 
58.062500 58.062500 58.062500 58.062500 58.062500 58.062500 58.062500 58.062500 58.062500 58.062500 58.062500 58.062500 58.062500 58.062500 58.062500 58.062500 
55.500000 55.500000 55.500000 55.500000 55.500000 55.500000 55.500000 55.500000 55.500000 55.500000 55.500000 55.500000 55.500000 55.500000 55.500000 55.500000 
26.437500 26.437500 26.437500 26.437500 26.437500 26.437500 26.437500 26.437500 26.437500 26.437500 26.437500 26.437500 26.437500 26.437500 26.437500 26.437500 
29.687500 29.687500 29.687500 29.687500 29.687500 29.687500 29.687500 29.687500 29.687500 29.687500 29.687500 29.687500 29.687500 29.687500 29.687500 29.687500 
30.187500 30.187500 30.187500 30.187500 30.187500 30.187500 30.187500 30.187500 30.187500 30.187500 30.187500 30.187500 30.187500 30.187500 30.187500 30.187500 
30.125000 30.125000 30.125000 30.125000 30.125000 30.125000 30.125000 30.125000 30.125000 30.125000 30.125000 30.125000 30.125000 30.125000 30.125000 30.125000 
28.500000 28.500000 28.500000 28.500000 28.500000 28.500000 28.500000 28.500000 28.500000 28.500000 28.500000 28.500000 28.500000 28.500000 28.500000 28.500000 
33.375000 33.375000 33.375000 33.375000 33.375000 33.375000 33.375000 33.375000 33.375000 33.375000 33.375000 33.375000 33.375000 33.375000 33.375000 33.375000 
33.250000 33.250000 33.250000 33.250000 33.250000 33.250000 33.250000 33.250000 33.250000 33.250000 33.250000 33.250000 33.250000 33.250000 33.250000 33.250000 
33.250000 33.250000 33.250000 33.250000 33.250000 33.250000 33.250000 33.250000 33.250000 33.250000 33.250000 33.250000 33.250000 33.250000 33.250000 33.250000 
23.625000 23.625000 23.625000 23.625000 23.625000 23.625000 23.625000 23.625000 23.625000 23.625000 23.625000 23.625000 23.625000 23.625000 23.625000 23.625000 
26.062500 26.062500 26.062500 26.062500 26.062500 26.062500 26.062500 26.062500 26.062500 26.062500 26.062500 26.062500 26.062500 26.062500 26.062500 26.062500 
29.937500 29.937500 29.937500 29.937500 29.937500 29.937500 29.937500 29.937500 29.937500 29.937500 29.937500 29.937500 29.937500 29.937500 29.937500 29.937500 
30.062500 30.062500 30.062500 30.062500 30.062500 30.062500 30.062500 30.062500 30.062500 30.062500 30.062500 30.062500 30.062500 30.062500 30.062500 30.062500 
23.812500 23.812500 23.812500 23.812500 23.812500 23.812500 23.812500 23.812500 23.812500 23.812500 23.812500 23.812500 23.812500 23.812500 23.812500 23.812500 
21.500000 21.500000 21.500000 21.500000 21.500000 21.500000 21.500000 21.500000 21.500000 21.500000 21.500000 21.500000 21.500000 21.500000 21.500000 21.500000 
20.250000 20.250000 20.250000 20.250000 20.250000 20.250000 20.250000 20.250000 20.250000 20.250000 20.250000 20.250000 20.250000 20.250000 20.250000 20.250000 
51.125000 51.125000 51.125000 51.125000 51.125000 51.125000 51.125000 51.125000 51.125000 51.125000 51.125000 51.125000 51.125000 51.125000 51.125000 51.125000 
52.187500 52.187500 52.187500 52.187500 52.187500 52.187500 52.187500 52.187500 52.187500 52.187500 52.187500 52.187500 52.187500 52.187500 52.187500 52.187500 
51.875000 51.875000 51.875000 51.875000 51.875000 51.875000 51.875000 51.875000 51.875000 51.875000 51.875000 51.875000 51.875000 51.875000 51.875000 51.875000 
51.937500 51.937500 51.937500 51.937500 51.937500 51.937500 51.937500 51.937500 51.937500 51.937500 51.937500 51.937500 51.937500 51.937500 51.937500 51.937500 
53.437500 53.437500 53.437500 53.437500 53.437500 53.437500 53.437500 53.437500 53.437500 53.437500 53.437500 53.437500 53.437500 53.437500 53.437500 53.437500 
54.375000 54.375000 54.375000 54.375000 54.375000 54.375000 54.375000 54.375000 54.375000 54.375000 54.375000 54.375000 54.375000 54.375000 54.375000 54.375000 
58.250000 58.250000 58.250000 58.250000 58.250000 58.250000 58.250000 58.250000 58.250000 58.250000 58.250000 58.250000 58.250000 58.250000 58.250000 58.250000 
59.437500 59.437500 59.437500 59.437500 59.437500 59.437500 59.437500 59.437500 59.437500 59.437500 59.437500 59.437500 59.437500 59.437500 59.437500 59.437500 
57.687500 57.687500 57.687500 57.687500 57.687500 57.687500 57.687500 57.687500 57.687500 57.687500 57.687500 57.687500 57.687500 57.687500 57.687500 57.687500 
58.562500 58.562500 58.562500 58.562500 58.562500 58.562500 58.562500 58.562500 58.562500 58.562500 58.562500 58.562500 58.562500 58.562500 58.562500 58.562500 
62.437500 62.437500 62.437500 62.437500 62.437500 62.437500 62.437500 62.437500 62.437500 62.437500 62.437500 62.437500 62.437500 62.437500 62.437500 62.437500 
63.000000 63.000000 63.000000 63.000000 63.000000 63.000000 63.000000 63.000000 63.000000 63.000000 63.000000 63.000000 63.000000 63.000000 63.000000 63.000000 
60.750000 60.750000 60.750000 60.750000 60.750000 60.750000 60.750000 60.750000 60.750000 60.750000 60.750000 60.750000 60.750000 60.750000 60.750000 60.750000 
63.562500 63.562500 63.562500 63.562500 63.562500 63.562500 63.562500 63.562500 63.562500 63.562500 63.562500 63.562500 63.562500 63.562500 63.562500 63.562500 
62.625000 62.625000 62.625000 62.625000 62.625000 62.625000 62.625000 62.625000 62.625000 62.625000 62.625000 62.625000 62.625000 62.625000 62.625000 62.625000 
63.375000 63.375000 63.375000 63.375000 63.375000 63.375000 63.375000 63.375000 63.375000 63.375000 63.375000 63.375000 63.375000 63.375000 63.375000 63.375000 
40.875000 40.875000 40.875000 40.875000 40.875000 40.875000 40.875000 40.875000 40.875000 40.875000 40.875000 40.875000 40.875000 40.875000 40.875000 40.875000 
41.437500 41.437500 41.437500 41.437500 41.437500 41.437500 41.437500 41.437500 41.437500 41.437500 41.437500 41.437500 41.437500 41.437500 41.437500 41.437500 
42.125000 42.125000 42.125000 42.125000 42.125000 42.125000 42.125000 42.125000 42.125000 42.125000 42.125000 42.125000 42.125000 42.125000 42.125000 42.125000 
44.687500 44.687500 44.687500 44.687500 44.687500 44.687500 44.687500 44.687500 44.687500 44.687500 44.687500 44.687500 44.687500 44.687500 44.687500 44.687500 
42.937500 42.937500 42.937500 42.937500 42.937500 42.937500 42.937500 42.937500 42.937500 42.937500 42.937500 42.937500 42.937500 42.937500 42.937500 42.937500 
42.812500 42.812500 42.812500 42.812500 42.812500 42.812500 42.812500 42.812500 42.812500 42.812500 42.812500 42.812500 42.812500 42.812500 42.812500 42.812500 
44.875000 44.875000 44.875000 44.875000 44.875000 44.875000 44.875000 44.875000 44.875000 44.875000 44.875000 44.875000 44.875000 44.875000 44.875000 44.875000 
43.312500 43.312500 43.312500 43.312500 43.312500 43.312500 43.312500 43.312500 43.312500 43.312500 43.312500 43.312500 43.312500 43.312500 43.312500 43.312500 
43.437500 43.437500 43.437500 43.437500 43.437500 43.437500 43.437500 43.437500 43.437500 43.437500 43.437500 43.437500 43.437500 43.437500 43.437500 43.437500 
41.812500 41.812500 41.812500 41.812500 41.812500 41.812500 41.812500 41.812500 41.812500 41.812500 41.812500 41.812500 41.812500 41.812500 41.812500 41.812500 
49.875000 49.875000 49.875000 49.875000 49.875000 49.875000 49.875000 49.875000 49.875000 49.875000 49.875000 49.875000 49.875000 49.875000 49.875000 49.875000 
50.000000 50.000000 50.000000 50.000000 50.000000 50.000000 50.000000 50.000000 50.000000 50.000000 50.000000 50.000000 50.000000 50.000000 50.000000 50.000000 
46.500000 46.500000 46.500000 46.500000 46.500000 46.500000 46.500000 46.500000 46.500000 46.500000 46.500000 46.500000 46.500000 46.500000 46.500000 46.500000 
46.812500 46.812500 46.812500 46.812500 46.812500 46.812500 46.812500 46.812500 46.812500 46.812500 46.812500 46.812500 46.812500 46.812500 46.812500 46.812500 
63.875000 63.875000 63.875000 63.875000 63.875000 63.875000 63.875000 63.875000 63.875000 63.875000 63.875000 63.875000 63.875000 63.875000 63.875000 63.875000 
27.937500 27.937500 27.937500 27.937500 27.937500 27.937500 27.937500 27.937500 27.937500 27.937500 27.937500 27.937500 27.937500 27.937500 27.937500 27.937500 
64.062500 64.062500 64.062500 64.062500 64.062500 64.062500 64.062500 64.062500 64.062500 64.062500 64.062500 64.062500 64.062500 64.062500 64.062500 64.062500 
30.125000 30.125000 30.125000 30.125000 30.125000 30.125000 30.125000 30.125000 30.125000 30.125000 30.125000 30.125000 30.125000 30.125000 30.125000 30.125000 
28.500000 28.500000 28.500000 28.500000 28.500000 28.500000 28.500000 28.500000 28.500000 28.500000 28.500000 28.500000 28.500000 28.500000 28.500000 28.500000 
28.562500 28.562500 28.562500 28.562500 28.562500 28.562500 28.562500 28.562500 28.562500 28.562500 28.562500 28.562500 28.562500 28.562500 28.562500 28.562500 
29.437500 29.437500 29.437500 29.437500 29.437500 29.437500 29.437500 29.437500 29.437500 29.437500 29.437500 29.437500 29.437500 29.437500 29.437500 29.437500 
27.125000 27.125000 27.125000 27.125000 27.125000 27.125000 27.125000 27.125000 27.125000 27.125000 27.125000 27.125000 27.125000 27.125000 27.125000 27.125000 
27.562500 27.562500 27.562500 27.562500 27.562500 27.562500 27.562500 27.562500 27.562500 27.562500 27.562500 27.562500 27.562500 27.562500 27.562500 27.562500 
26.812500 26.812500 26.812500 26.812500 26.812500 26.812500 26.812500 26.812500 26.812500 26.812500 26.812500 26.812500 26.812500 26.812500 26.812500 26.812500 
27.625000 27.625000 27.625000 27.625000 27.625000 27.625000 27.625000 27.625000 27.625000 27.625000 27.625000 27.625000 27.625000 27.625000 27.625000 27.625000 
26.062500 26.062500 26.062500 26.062500 26.062500 26.062500 26.062500 26.062500 26.062500 26.062500 26.062500 26.062500 26.062500 26.062500 26.062500 26.062500 
24.875000 24.875000 24.875000 24.875000 24.875000 24.875000 24.875000 24.875000 24.875000 24.875000 24.875000 24.875000 24.875000 24.875000 24.875000 24.875000 
22.687500 22.687500 22.687500 22.687500 22.687500 22.687500 22.687500 22.687500 22.687500 22.687500 22.687500 22.687500 22.687500 22.687500 22.687500 22.687500 
24.250000 24.250000 24.250000 24.250000 24.250000 24.250000 24.250000 24.250000 24.250000 24.250000 24.250000 24.250000 24.250000 24.250000 24.250000 24.250000 
20.750000 20.750000 20.750000 20.750000 20.750000 20.750000 20.750000 20.750000 20.750000 20.750000 20.750000 20.750000 20.750000 20.750000 20.750000 20.750000 
22.937500 22.937500 22.937500 22.937500 22.937500 22.937500 22.937500 22.937500 22.937500 22.937500 22.937500 22.937500 22.937500 22.937500 22.937500 22.937500 
51.375000 51.375000 51.375000 51.375000 51.375000 51.375000 51.375000 51.375000 51.375000 51.375000 51.375000 51.375000 51.375000 51.375000 51.375000 51.375000 
51.750000 51.750000 51.750000 51.750000 51.750000 51.750000 51.750000 51.750000 51.750000 51.750000 51.750000 51.750000 51.750000 51.750000 51.750000 51.750000 
52.187500 52.187500 52.187500 52.187500 52.187500 52.187500 52.187500 52.187500 52.187500 52.187500 52.187500 52.187500 52.187500 52.187500 52.187500 52.187500 
52.375000 52.375000 52.375000 52.375000 52.375000 52.375000 52.375000 52.375000 52.375000 52.375000 52.375000 52.375000 52.375000 52.375000 52.375000 52.375000 
52.375000 52.375000 52.375000 52.375000 52.375000 52.375000 52.375000 52.375000 52.375000 52.375000 52.375000 52.375000 52.375000 52.375000 52.375000 52.375000 
51.625000 51.625000 51.625000 51.625000 51.625000 51.625000 51.625000 51.625000 51.625000 51.625000 51.625000 51.625000 51.625000 51.625000 51.625000 51.625000 
51.812500 51.812500 51.812500 51.812500 51.812500 51.812500 51.812500 51.812500 51.812500 51.812500 51.812500 51.812500 51.812500 51.812500 51.812500 51.812500 
58.250000 58.250000 58.250000 58.250000 58.250000 58.250000 58.250000 58.250000 58.250000 58.250000 58.250000 58.250000 58.250000 58.250000 58.250000 58.250000 
58.562500 58.562500 58.562500 58.562500 58.562500 58.562500 58.562500 58.562500 58.562500 58.562500 58.562500 58.562500 58.562500 58.562500 58.562500 58.562500 
57.625000 57.625000 57.625000 57.625000 57.625000 57.625000 57.625000 57.625000 57.625000 57.625000 57.625000 57.625000 57.625000 57.625000 57.625000 57.625000 
57.875000 57.875000 57.875000 57.875000 57.875000 57.875000 57.875000 57.875000 57.875000 57.875000 57.875000 57.875000 57.875000 57.875000 57.875000 57.875000 
58.062500 58.062500 58.062500 58.062500 58.062500 58.062500 58.062500 58.062500 58.062500 58.062500 58.062500 58.062500 58.062500 58.062500 58.062500 58.062500 
56.812500 56.812500 56.812500 56.812500 56.812500 56.812500 56.812500 56.812500 56.812500 56.812500 56.812500 56.812500 56.812500 56.812500 56.812500 56.812500 
57.000000 57.000000 57.000000 57.000000 57.000000 57.000000 57.000000 57.000000 57.000000 57.000000 57.000000 57.000000 57.000000 57.000000 57.000000 57.000000 
61.437500 61.437500 61.437500 61.437500 61.437500 61.437500 61.437500 61.437500 61.437500 61.437500 61.437500 61.437500 61.437500 61.437500 61.437500 61.437500 
61.187500 61.187500 61.187500 61.187500 61.187500 61.187500 61.187500 61.187500 61.187500 61.187500 61.187500 61.187500 61.187500 61.187500 61.187500 61.187500 
41.812500 41.812500 41.812500 41.812500 41.812500 41.812500 41.812500 41.812500 41.812500 41.812500 41.812500 41.812500 41.812500 41.812500 41.812500 41.812500 
45.750000 45.750000 45.750000 45.750000 45.750000 45.750000 45.750000 45.750000 45.750000 45.750000 45.750000 45.750000 45.750000 45.750000 45.750000 45.750000 
47.375000 47.375000 47.375000 47.375000 47.375000 47.375000 47.375000 47.375000 47.375000 47.375000 47.375000 47.375000 47.375000 47.375000 47.375000 47.375000 
49.437500 49.437500 49.437500 49.437500 49.437500 49.437500 49.437500 49.437500 49.437500 49.437500 49.437500 49.437500 49.437500 49.437500 49.437500 49.437500 
45.562500 45.562500 45.562500 45.562500 45.562500 45.562500 45.562500 45.562500 45.562500 45.562500 45.562500 45.562500 45.562500 45.562500 45.562500 45.562500 
54.000000 54.000000 54.000000 54.000000 54.000000 54.000000 54.000000 54.000000 54.000000 54.000000 54.000000 54.000000 54.000000 54.000000 54.000000 54.000000 
54.125000 54.125000 54.125000 54.125000 54.125000 54.125000 54.125000 54.125000 54.125000 54.125000 54.125000 54.125000 54.125000 54.125000 54.125000 54.125000 
53.687500 53.687500 53.687500 53.687500 53.687500 53.687500 53.687500 53.687500 53.687500 53.687500 53.687500 53.687500 53.687500 53.687500 53.687500 53.687500 
48.500000 48.500000 48.500000 48.500000 48.500000 48.500000 48.500000 48.500000 48.500000 48.500000 48.500000 48.500000 48.500000 48.500000 48.500000 48.500000 
48.625000 48.625000 48.625000 48.625000 48.625000 48.625000 48.625000 48.625000 48.625000 48.625000 48.625000 48.625000 48.625000 48.625000 48.625000 48.625000 
52.937500 52.937500 52.937500 52.937500 52.937500 52.937500 52.937500 52.937500 52.937500 52.937500 52.937500 52.937500 52.937500 52.937500 52.937500 52.937500 
53.062500 53.062500 53.062500 53.062500 53.062500 53.062500 53.062500 53.062500 53.062500 53.062500 53.062500 53.062500 53.062500 53.062500 53.062500 53.062500 
52.937500 52.937500 52.937500 52.937500 52.937500 52.937500 52.937500 52.937500 52.937500 52.937500 52.937500 52.937500 52.937500 52.937500 52.937500 52.937500 
50.062500 50.062500 50.062500 50.062500 50.062500 50.062500 50.062500 50.062500 50.062500 50.062500 50.062500 50.062500 50.062500 50.062500 50.062500 50.062500 
53.937500 53.937500 53.937500 53.937500 53.937500 53.937500 53.937500 53.937500 53.937500 53.937500 53.937500 53.937500 53.937500 53.937500 53.937500 53.937500 
51.875000 51.875000 51.875000 51.875000 51.875000 51.875000 51.875000 51.875000 51.875000 51.875000 51.875000 51.875000 51.875000 51.875000 51.875000 51.875000 
29.562500 29.562500 29.562500 29.562500 29.562500 29.562500 29.562500 29.562500 29.562500 29.562500 29.562500 29.562500 29.562500 29.562500 29.562500 29.562500 
27.937500 27.937500 27.937500 27.937500 27.937500 27.937500 27.937500 27.937500 27.937500 27.937500 27.937500 27.937500 27.937500 27.937500 27.937500 27.937500 
29.000000 29.000000 29.000000 29.000000 29.000000 29.000000 29.000000 29.000000 29.000000 29.000000 29.000000 29.000000 29.000000 29.000000 29.000000 29.000000 
29.125000 29.125000 29.125000 29.125000 29.125000 29.125000 29.125000 29.125000 29.125000 29.125000 29.125000 29.125000 29.125000 29.125000 29.125000 29.125000 
28.937500 28.937500 28.937500 28.937500 28.937500 28.937500 28.937500 28.937500 28.937500 28.937500 28.937500 28.937500 28.937500 28.937500 28.937500 28.937500 
34.062500 34.062500 34.062500 34.062500 34.062500 34.062500 34.062500 34.062500 34.062500 34.062500 34.062500 34.062500 34.062500 34.062500 34.062500 34.062500 
33.000000 33.000000 33.000000 33.000000 33.000000 33.000000 33.000000 33.000000 33.000000 33.000000 33.000000 33.000000 33.000000 33.000000 33.000000 33.000000 
31.687500 31.687500 31.687500 31.687500 31.687500 31.687500 31.687500 31.687500 31.687500 31.687500 31.687500 31.687500 31.687500 31.687500 31.687500 31.687500 
23.812500 23.812500 23.812500 23.812500 23.812500 23.812500 23.812500 23.812500 23.812500 23.812500 23.812500 23.812500 23.812500 23.812500 23.812500 23.812500 
27.562500 27.562500 27.562500 27.562500 27.562500 27.562500 27.562500 27.562500 27.562500 27.562500 27.562500 27.562500 27.562500 27.562500 27.562500 27.562500 
28.375000 28.375000 28.375000 28.375000 28.375000 28.375000 28.375000 28.375000 28.375000 28.375000 28.375000 28.375000 28.375000 28.375000 28.375000 28.375000 
28.500000 28.500000 28.500000 28.500000 28.500000 28.500000 28.500000 28.500000 28.500000 28.500000 28.500000 28.500000 28.500000 28.500000 28.500000 28.500000 
23.250000 23.250000 23.250000 23.250000 23.250000 23.250000 23.250000 23.250000 23.250000 23.250000 23.250000 23.250000 23.250000 23.250000 23.250000 23.250000 
23.187500 23.187500 23.187500 23.187500 23.187500 23.187500 23.187500 23.187500 23.187500 23.187500 23.187500 23.187500 23.187500 23.187500 23.187500 23.187500 
20.562500 20.562500 20.562500 20.562500 20.562500 20.562500 20.562500 20.562500 20.562500 20.562500 20.562500 20.562500 20.562500 20.562500 20.562500 20.562500 
49.562500 49.562500 49.562500 49.562500 49.562500 49.562500 49.562500 49.562500 49.562500 49.562500 49.562500 49.562500 49.562500 49.562500 49.562500 49.562500 
50.125000 50.125000 50.125000 50.125000 50.125000 50.125000 50.125000 50.125000 50.125000 50.125000 50.125000 50.125000 50.125000 50.125000 50.125000 50.125000 
52.062500 52.062500 52.062500 52.062500 52.062500 52.062500 52.062500 52.062500 52.062500 52.062500 52.062500 52.062500 52.062500 52.062500 52.062500 52.062500 
55.562500 55.562500 55.562500 55.562500 55.562500 55.562500 55.562500 55.562500 55.562500 55.562500 55.562500 55.562500 55.562500 55.562500 55.562500 55.562500 
55.437500 55.437500 55.437500 55.437500 55.437500 55.437500 55.437500 55.437500 55.437500 55.437500 55.437500 55.437500 55.437500 55.437500 55.437500 55.437500 
54.062500 54.062500 54.062500 54.062500 54.062500 54.062500 54.062500 54.062500 54.062500 54.062500 54.062500 54.062500 54.062500 54.062500 54.062500 54.062500 
55.687500 55.687500 55.687500 55.687500 55.687500 55.687500 55.687500 55.687500 55.687500 55.687500 55.687500 55.687500 55.687500 55.687500 55.687500 55.687500 
57.500000 57.500000 57.500000 57.500000 57.500000 57.500000 57.500000 57.500000 57.500000 57.500000 57.500000 57.500000 57.500000 57.500000 57.500000 57.500000 
56.375000 56.375000 56.375000 56.375000 56.375000 56.375000 56.375000 56.375000 56.375000 56.375000 56.375000 56.375000 56.375000 56.375000 56.375000 56.375000 
55.937500 55.937500 55.937500 55.937500 55.937500 55.937500 55.937500 55.937500 55.937500 55.937500 55.937500 55.937500 55.937500 55.937500 55.937500 55.937500 
56.312500 56.312500 56.312500 56.312500 56.312500 56.312500 56.312500 56.312500 56.312500 56.312500 56.312500 56.312500 56.312500 56.312500 56.312500 56.312500 
57.187500 57.187500 57.187500 57.187500 57.187500 57.187500 57.187500 57.187500 57.187500 57.187500 57.187500 57.187500 57.187500 57.187500 57.187500 57.187500 
57.687500 57.687500 57.687500 57.687500 57.687500 57.687500 57.687500 57.687500 57.687500 57.687500 57.687500 57.687500 57.687500 57.687500 57.687500 57.687500 
56.375000 56.375000 56.375000 56.375000 56.375000 56.375000 56.375000 56.375000 56.375000 56.375000 56.375000 56.375000 56.375000 56.375000 56.375000 56.375000 
58.687500 58.687500 58.687500 58.687500 58.687500 58.687500 58.687500 58.687500 58.687500 58.687500 58.687500 58.687500 58.687500 58.687500 58.687500 58.687500 
59.625000 59.625000 59.625000 59.625000 59.625000 59.625000 59.625000 59.625000 59.625000 59.625000 59.625000 59.625000 59.625000 59.625000 59.625000 59.625000 
43.500000 43.500000 43.500000 43.500000 43.500000 43.500000 43.500000 43.500000 43.500000 43.500000 43.500000 43.500000 43.500000 43.500000 43.500000 43.500000 
47.750000 47.750000 47.750000 47.750000 47.750000 47.750000 47.750000 47.750000 47.750000 47.750000 47.750000 47.750000 47.750000 47.750000 47.750000 47.750000 
45.875000 45.875000 45.875000 45.875000 45.875000 45.875000 45.875000 45.875000 45.875000 45.875000 45.875000 45.875000 45.875000 45.875000 45.875000 45.875000 
46.375000 46.375000 46.375000 46.375000 46.375000 46.375000 46.375000 46.375000 46.375000 46.375000 46.375000 46.375000 46.375000 46.375000 46.375000 46.375000 
47.687500 47.687500 47.687500 47.687500 47.687500 47.687500 47.687500 47.687500 47.687500 47.687500 47.687500 47.687500 47.687500 47.687500 47.687500 47.687500 
48.187500 48.187500 48.187500 48.187500 48.187500 48.187500 48.187500 48.187500 48.187500 48.187500 48.187500 48.187500 48.187500 48.187500 48.187500 48.187500 
63.062500 63.062500 63.062500 63.062500 63.062500 63.062500 63.062500 63.062500 63.062500 63.062500 63.062500 63.062500 63.062500 63.062500 63.062500 63.062500 
60.250000 60.250000 60.250000 60.250000 60.250000 60.250000 60.250000 60.250000 60.250000 60.250000 60.250000 60.250000 60.250000 60.250000 60.250000 60.250000 
61.562500 61.562500 61.562500 61.562500 61.562500 61.562500 61.562500 61.562500 61.562500 61.562500 61.562500 61.562500 61.562500 61.562500 61.562500 61.562500 
60.750000 60.750000 60.750000 60.750000 60.750000 60.750000 60.750000 60.750000 60.750000 60.750000 60.750000 60.750000 60.750000 60.750000 60.750000 60.750000 
60.312500 60.312500 60.312500 60.312500 60.312500 60.312500 60.312500 60.312500 60.312500 60.312500 60.312500 60.312500 60.312500 60.312500 60.312500 60.312500 
60.500000 60.500000 60.500000 60.500000 60.500000 60.500000 60.500000 60.500000 60.500000 60.500000 60.500000 60.500000 60.500000 60.500000 60.500000 60.500000 
60.437500 60.437500 60.437500 60.437500 60.437500 60.437500 60.437500 60.437500 60.437500 60.437500 60.437500 60.437500 60.437500 60.437500 60.437500 60.437500 
59.750000 59.750000 59.750000 59.750000 59.750000 59.750000 59.750000 59.750000 59.750000 59.750000 59.750000 59.750000 59.750000 59.750000 59.750000 59.750000 
61.187500 61.187500 61.187500 61.187500 61.187500 61.187500 61.187500 61.187500 61.187500 61.187500 61.187500 61.187500 61.187500 61.187500 61.187500 61.187500 
59.375000 59.375000 59.375000 59.375000 59.375000 59.375000 59.375000 59.375000 59.375000 59.375000 59.375000 59.375000 59.375000 59.375000 59.375000 59.375000 
33.750000 33.750000 33.750000 33.750000 33.750000 33.750000 33.750000 33.750000 33.750000 33.750000 33.750000 33.750000 33.750000 33.750000 33.750000 33.750000 
38.937500 38.937500 38.937500 38.937500 38.937500 38.937500 38.937500 38.937500 38.937500 38.937500 38.937500 38.937500 38.937500 38.937500 38.937500 38.937500 
28.187500 28.187500 28.187500 28.187500 28.187500 28.187500 28.187500 28.187500 28.187500 28.187500 28.187500 28.187500 28.187500 28.187500 28.187500 28.187500 
29.562500 29.562500 29.562500 29.562500 29.562500 29.562500 29.562500 29.562500 29.562500 29.562500 29.562500 29.562500 29.562500 29.562500 29.562500 29.562500 
28.375000 28.375000 28.375000 28.375000 28.375000 28.375000 28.375000 28.375000 28.375000 28.375000 28.375000 28.375000 28.375000 28.375000 28.375000 28.375000 
33.062500 33.062500 33.062500 33.062500 33.062500 33.062500 33.062500 33.062500 33.062500 33.062500 33.062500 33.062500 33.062500 33.062500 33.062500 33.062500 
33.062500 33.062500 33.062500 33.062500 33.062500 33.062500 33.062500 33.062500 33.062500 33.062500 33.062500 33.062500 33.062500 33.062500 33.062500 33.062500 
33.000000 33.000000 33.000000 33.000000 33.000000 33.000000 33.000000 33.000000 33.000000 33.000000 33.000000 33.000000 33.000000 33.000000 33.000000 33.000000 
25.562500 25.562500 25.562500 25.562500 25.562500 25.562500 25.562500 25.562500 25.562500 25.562500 25.562500 25.562500 25.562500 25.562500 25.562500 25.562500 
25.375000 25.375000 25.375000 25.375000 25.375000 25.375000 25.375000 25.375000 25.375000 25.375000 25.375000 25.375000 25.375000 25.375000 25.375000 25.375000 
29.187500 29.187500 29.187500 29.187500 29.187500 29.187500 29.187500 29.187500 29.187500 29.187500 29.187500 29.187500 29.187500 29.187500 29.187500 29.187500 
29.250000 29.250000 29.250000 29.250000 29.250000 29.250000 29.250000 29.250000 29.250000 29.250000 29.250000 29.250000 29.250000 29.250000 29.250000 29.250000 
22.562500 22.562500 22.562500 22.562500 22.562500 22.562500 22.562500 22.562500 22.562500 22.562500 22.562500 22.562500 22.562500 22.562500 22.562500 22.562500 
23.000000 23.000000 23.000000 23.000000 23.000000 23.000000 23.000000 23.000000 23.000000 23.000000 23.000000 23.000000 23.000000 23.000000 23.000000 23.000000 
20.750000 20.750000 20.750000 20.750000 20.750000 20.750000 20.750000 20.750000 20.750000 20.750000 20.750000 20.750000 20.750000 20.750000 20.750000 20.750000 
52.625000 52.625000 52.625000 52.625000 52.625000 52.625000 52.625000 52.625000 52.625000 52.625000 52.625000 52.625000 52.625000 52.625000 52.625000 52.625000 
51.375000 51.375000 51.375000 51.375000 51.375000 51.375000 51.375000 51.375000 51.375000 51.375000 51.375000 51.375000 51.375000 51.375000 51.375000 51.375000 
53.312500 53.312500 53.312500 53.312500 53.312500 53.312500 53.312500 53.312500 53.312500 53.312500 53.312500 53.312500 53.312500 53.312500 53.312500 53.312500 
53.500000 53.500000 53.500000 53.500000 53.500000 53.500000 53.500000 53.500000 53.500000 53.500000 53.500000 53.500000 53.500000 53.500000 53.500000 53.500000 
53.875000 53.875000 53.875000 53.875000 53.875000 53.875000 53.875000 53.875000 53.875000 53.875000 53.875000 53.875000 53.875000 53.875000 53.875000 53.875000 
57.250000 57.250000 57.250000 57.250000 57.250000 57.250000 57.250000 57.250000 57.250000 57.250000 57.250000 57.250000 57.250000 57.250000 57.250000 57.250000 
55.625000 55.625000 55.625000 55.625000 55.625000 55.625000 55.625000 55.625000 55.625000 55.625000 55.625000 55.625000 55.625000 55.625000 55.625000 55.625000 
56.437500 56.437500 56.437500 56.437500 56.437500 56.437500 56.437500 56.437500 56.437500 56.437500 56.437500 56.437500 56.437500 56.437500 56.437500 56.437500 
57.937500 57.937500 57.937500 57.937500 57.937500 57.937500 57.937500 57.937500 57.937500 57.937500 57.937500 57.937500 57.937500 57.937500 57.937500 57.937500 
58.187500 58.187500 58.187500 58.187500 58.187500 58.187500 58.187500 58.187500 58.187500 58.187500 58.187500 58.187500 58.187500 58.187500 58.187500 58.187500 
57.875000 57.875000 57.875000 57.875000 57.875000 57.875000 57.875000 57.875000 57.875000 57.875000 57.875000 57.875000 57.875000 57.875000 57.875000 57.875000 
58.625000 58.625000 58.625000 58.625000 58.625000 58.625000 58.625000 58.625000 58.625000 58.625000 58.625000 58.625000 58.625000 58.625000 58.625000 58.625000 
61.375000 61.375000 61.375000 61.375000 61.375000 61.375000 61.375000 61.375000 61.375000 61.375000 61.375000 61.375000 61.375000 61.375000 61.375000 61.375000 
62.562500 62.562500 62.562500 62.562500 62.562500 62.562500 62.562500 62.562500 62.562500 62.562500 62.562500 62.562500 62.562500 62.562500 62.562500 62.562500 
62.812500 62.812500 62.812500 62.812500 62.812500 62.812500 62.812500 62.812500 62.812500 62.812500 62.812500 62.812500 62.812500 62.812500 62.812500 62.812500 
62.375000 62.375000 62.375000 62.375000 62.375000 62.375000 62.375000 62.375000 62.375000 62.375000 62.375000 62.375000 62.375000 62.375000 62.375000 62.375000 
38.562500 38.562500 38.562500 38.562500 38.562500 38.562500 38.562500 38.562500 38.562500 38.562500 38.562500 38.562500 38.562500 38.562500 38.562500 38.562500 
40.687500 40.687500 40.687500 40.687500 40.687500 40.687500 40.687500 40.687500 40.687500 40.687500 40.687500 40.687500 40.687500 40.687500 40.687500 40.687500 
41.062500 41.062500 41.062500 41.062500 41.062500 41.062500 41.062500 41.062500 41.062500 41.062500 41.062500 41.062500 41.062500 41.062500 41.062500 41.062500 
42.937500 42.937500 42.937500 42.937500 42.937500 42.937500 42.937500 42.937500 42.937500 42.937500 42.937500 42.937500 42.937500 42.937500 42.937500 42.937500 
47.500000 47.500000 47.500000 47.500000 47.500000 47.500000 47.500000 47.500000 47.500000 47.500000 47.500000 47.500000 47.500000 47.500000 47.500000 47.500000 
44.125000 44.125000 44.125000 44.125000 44.125000 44.125000 44.125000 44.125000 44.125000 44.125000 44.125000 44.125000 44.125000 44.125000 44.125000 44.125000 
44.125000 44.125000 44.125000 44.125000 44.125000 44.125000 44.125000 44.125000 44.125000 44.125000 44.125000 44.125000 44.125000 44.125000 44.125000 44.125000 
49.937500 49.937500 49.937500 49.937500 49.937500 49.937500 49.937500 49.937500 49.937500 49.937500 49.937500 49.937500 49.937500 49.937500 49.937500 49.937500 
50.625000 50.625000 50.625000 50.625000 50.625000 50.625000 50.625000 50.625000 50.625000 50.625000 50.625000 50.625000 50.625000 50.625000 50.625000 50.625000 
50.187500 50.187500 50.187500 50.187500 50.187500 50.187500 50.187500 50.187500 50.187500 50.187500 50.187500 50.187500 50.187500 50.187500 50.187500 50.187500 
50.187500 50.187500 50.187500 50.187500 50.187500 50.187500 50.187500 50.187500 50.187500 50.187500 50.187500 50.187500 50.187500 50.187500 50.187500 50.187500 
44.937500 44.937500 44.937500 44.937500 44.937500 44.937500 44.937500 44.937500 44.937500 44.937500 44.937500 44.937500 44.937500 44.937500 44.937500 44.937500 
59.312500 59.312500 59.312500 59.312500 59.312500 59.312500 59.312500 59.312500 59.312500 59.312500 59.312500 59.312500 59.312500 59.312500 59.312500 59.312500 
48.312500 48.312500 48.312500 48.312500 48.312500 48.312500 48.312500 48.312500 48.312500 48.312500 48.312500 48.312500 48.312500 48.312500 48.312500 48.312500 
48.500000 48.500000 48.500000 48.500000 48.500000 48.500000 48.500000 48.500000 48.500000 48.500000 48.500000 48.500000 48.500000 48.500000 48.500000 48.500000 
55.562500 55.562500 55.562500 55.562500 55.562500 55.562500 55.562500 55.562500 55.562500 55.562500 55.562500 55.562500 55.562500 55.562500 55.562500 55.562500 
32.437500 32.437500 32.437500 32.437500 32.437500 32.437500 32.437500 32.437500 32.437500 32.437500 32.437500 32.437500 32.437500 32.437500 32.437500 32.437500 
30.875000 30.875000 30.875000 30.875000 30.875000 30.875000 30.875000 30.875000 30.875000 30.875000 30.875000 30.875000 30.875000 30.875000 30.875000 30.875000 
29.312500 29.312500 29.312500 29.312500 29.312500 29.312500 29.312500 29.312500 29.312500 29.312500 29.312500 29.312500 29.312500 29.312500 29.312500 29.312500 
29.625000 29.625000 29.625000 29.625000 29.625000 29.625000 29.625000 29.625000 29.625000 29.625000 29.625000 29.625000 29.625000 29.625000 29.625000 29.625000 
29.437500 29.437500 29.437500 29.437500 29.437500 29.437500 29.437500 29.437500 29.437500 29.437500 29.437500 29.437500 29.437500 29.437500 29.437500 29.437500 
33.312500 33.312500 33.312500 33.312500 33.312500 33.312500 33.312500 33.312500 33.312500 33.312500 33.312500 33.312500 33.312500 33.312500 33.312500 33.312500 
33.375000 33.375000 33.375000 33.375000 33.375000 33.375000 33.375000 33.375000 33.375000 33.375000 33.375000 33.375000 33.375000 33.375000 33.375000 33.375000 
27.250000 27.250000 27.250000 27.250000 27.250000 27.250000 27.250000 27.250000 27.250000 27.250000 27.250000 27.250000 27.250000 27.250000 27.250000 27.250000 
26.562500 26.562500 26.562500 26.562500 26.562500 26.562500 26.562500 26.562500 26.562500 26.562500 26.562500 26.562500 26.562500 26.562500 26.562500 26.562500 
25.875000 25.875000 25.875000 25.875000 25.875000 25.875000 25.875000 25.875000 25.875000 25.875000 25.875000 25.875000 25.875000 25.875000 25.875000 25.875000 
24.687500 24.687500 24.687500 24.687500 24.687500 24.687500 24.687500 24.687500 24.687500 24.687500 24.687500 24.687500 24.687500 24.687500 24.687500 24.687500 
25.812500 25.812500 25.812500 25.812500 25.812500 25.812500 25.812500 25.812500 25.812500 25.812500 25.812500 25.812500 25.812500 25.812500 25.812500 25.812500 
23.625000 23.625000 23.625000 23.625000 23.625000 23.625000 23.625000 23.625000 23.625000 23.625000 23.625000 23.625000 23.625000 23.625000 23.625000 23.625000 
26.625000 26.625000 26.625000 26.625000 26.625000 26.625000 26.625000 26.625000 26.625000 26.625000 26.625000 26.625000 26.625000 26.625000 26.625000 26.625000 
20.437500 20.437500 20.437500 20.437500 20.437500 20.437500 20.437500 20.437500 20.437500 20.437500 20.437500 20.437500 20.437500 20.437500 20.437500 20.437500 
53.687500 53.687500 53.687500 53.687500 53.687500 53.687500 53.687500 53.687500 53.687500 53.687500 53.687500 53.687500 53.687500 53.687500 53.687500 53.687500 
56.437500 56.437500 56.437500 56.437500 56.437500 56.437500 56.437500 56.437500 56.437500 56.437500 56.437500 56.437500 56.437500 56.437500 56.437500 56.437500 
55.250000 55.250000 55.250000 55.250000 55.250000 55.250000 55.250000 55.250000 55.250000 55.250000 55.250000 55.250000 55.250000 55.250000 55.250000 55.250000 
55.875000 55.875000 55.875000 55.875000 55.875000 55.875000 55.875000 55.875000 55.875000 55.875000 55.875000 55.875000 55.875000 55.875000 55.875000 55.875000 
58.437500 58.437500 58.437500 58.437500 58.437500 58.437500 58.437500 58.437500 58.437500 58.437500 58.437500 58.437500 58.437500 58.437500 58.437500 58.437500 
58.500000 58.500000 58.500000 58.500000 58.500000 58.500000 58.500000 58.500000 58.500000 58.500000 58.500000 58.500000 58.500000 58.500000 58.500000 58.500000 
57.687500 57.687500 57.687500 57.687500 57.687500 57.687500 57.687500 57.687500 57.687500 57.687500 57.687500 57.687500 57.687500 57.687500 57.687500 57.687500 
59.062500 59.062500 59.062500 59.062500 59.062500 59.062500 59.062500 59.062500 59.062500 59.062500 59.062500 59.062500 59.062500 59.062500 59.062500 59.062500 
64.125000 64.125000 64.125000 64.125000 64.125000 64.125000 64.125000 64.125000 64.125000 64.125000 64.125000 64.125000 64.125000 64.125000 64.125000 64.125000 
62.000000 62.000000 62.000000 62.000000 62.000000 62.000000 62.000000 62.000000 62.000000 62.000000 62.000000 62.000000 62.000000 62.000000 62.000000 62.000000 
63.187500 63.187500 63.187500 63.187500 63.187500 63.187500 63.187500 63.187500 63.187500 63.187500 63.187500 63.187500 63.187500 63.187500 63.187500 63.187500 
64.812500 64.812500 64.812500 64.812500 64.812500 64.812500 64.812500 64.812500 64.812500 64.812500 64.812500 64.812500 64.812500 64.812500 64.812500 64.812500 
64.500000 64.500000 64.500000 64.500000 64.500000 64.500000 64.500000 64.500000 64.500000 64.500000 64.500000 64.500000 64.500000 64.500000 64.500000 64.500000 
63.687500 63.687500 63.687500 63.687500 63.687500 63.687500 63.687500 63.687500 63.687500 63.687500 63.687500 63.687500 63.687500 63.687500 63.687500 63.687500 
63.562500 63.562500 63.562500 63.562500 63.562500 63.562500 63.562500 63.562500 63.562500 63.562500 63.562500 63.562500 63.562500 63.562500 63.562500 63.562500 
65.500000 65.500000 65.500000 65.500000 65.500000 65.500000 65.500000 65.500000 65.500000 65.500000 65.500000 65.500000 65.500000 65.500000 65.500000 65.500000 
42.687500 42.687500 42.687500 42.687500 42.687500 42.687500 42.687500 42.687500 42.687500 42.687500 42.687500 42.687500 42.687500 42.687500 42.687500 42.687500 
42.250000 42.250000 42.250000 42.250000 42.250000 42.250000 42.250000 42.250000 42.250000 42.250000 42.250000 42.250000 42.250000 42.250000 42.250000 42.250000 
43.437500 43.437500 43.437500 43.437500 43.437500 43.437500 43.437500 43.437500 43.437500 43.437500 43.437500 43.437500 43.437500 43.437500 43.437500 43.437500 
45.750000 45.750000 45.750000 45.750000 45.750000 45.750000 45.750000 45.750000 45.750000 45.750000 45.750000 45.750000 45.750000 45.750000 45.750000 45.750000 
47.250000 47.250000 47.250000 47.250000 47.250000 47.250000 47.250000 47.250000 47.250000 47.250000 47.250000 47.250000 47.250000 47.250000 47.250000 47.250000 
47.312500 47.312500 47.312500 47.312500 47.312500 47.312500 47.312500 47.312500 47.312500 47.312500 47.312500 47.312500 47.312500 47.312500 47.312500 47.312500 
47.500000 47.500000 47.500000 47.500000 47.500000 47.500000 47.500000 47.500000 47.500000 47.500000 47.500000 47.500000 47.500000 47.500000 47.500000 47.500000 
44.687500 44.687500 44.687500 44.687500 44.687500 44.687500 44.687500 44.687500 44.687500 44.687500 44.687500 44.687500 44.687500 44.687500 44.687500 44.687500 
44.375000 44.375000 44.375000 44.375000 44.375000 44.375000 44.375000 44.375000 44.375000 44.375000 44.375000 44.375000 44.375000 44.375000 44.375000 44.375000 
44.312500 44.312500 44.312500 44.312500 44.312500 44.312500 44.312500 44.312500 44.312500 44.312500 44.312500 44.312500 44.312500 44.312500 44.312500 44.312500 
43.937500 43.937500 43.937500 43.937500 43.937500 43.937500 43.937500 43.937500 43.937500 43.937500 43.937500 43.937500 43.937500 43.937500 43.937500 43.937500 
45.562500 45.562500 45.562500 45.562500 45.562500 45.562500 45.562500 45.562500 45.562500 45.562500 45.562500 45.562500 45.562500 45.562500 45.562500 45.562500 
46.750000 46.750000 46.750000 46.750000 46.750000 46.750000 46.750000 46.750000 46.750000 46.750000 46.750000 46.750000 46.750000 46.750000 46.750000 46.750000 
48.812500 48.812500 48.812500 48.812500 48.812500 48.812500 48.812500 48.812500 48.812500 48.812500 48.812500 48.812500 48.812500 48.812500 48.812500 48.812500 
58.625000 58.625000 58.625000 58.625000 58.625000 58.625000 58.625000 58.625000 58.625000 58.625000 58.625000 58.625000 58.625000 58.625000 58.625000 58.625000 
59.250000 59.250000 59.250000 59.250000 59.250000 59.250000 59.250000 59.250000 59.250000 59.250000 59.250000 59.250000 59.250000 59.250000 59.250000 59.250000 
28.812500 28.812500 28.812500 28.812500 28.812500 28.812500 28.812500 28.812500 28.812500 28.812500 28.812500 28.812500 28.812500 28.812500 28.812500 28.812500 
29.937500 29.937500 29.937500 29.937500 29.937500 29.937500 29.937500 29.937500 29.937500 29.937500 29.937500 29.937500 29.937500 29.937500 29.937500 29.937500 
29.250000 29.250000 29.250000 29.250000 29.250000 29.250000 29.250000 29.250000 29.250000 29.250000 29.250000 29.250000 29.250000 29.250000 29.250000 29.250000 
29.687500 29.687500 29.687500 29.687500 29.687500 29.687500 29.687500 29.687500 29.687500 29.687500 29.687500 29.687500 29.687500 29.687500 29.687500 29.687500 
33.062500 33.062500 33.062500 33.062500 33.062500 33.062500 33.062500 33.062500 33.062500 33.062500 33.062500 33.062500 33.062500 33.062500 33.062500 33.062500 
33.062500 33.062500 33.062500 33.062500 33.062500 33.062500 33.062500 33.062500 33.062500 33.062500 33.062500 33.062500 33.062500 33.062500 33.062500 33.062500 
31.625000 31.625000 31.625000 31.625000 31.625000 31.625000 31.625000 31.625000 31.625000 31.625000 31.625000 31.625000 31.625000 31.625000 31.625000 31.625000 
28.125000 28.125000 28.125000 28.125000 28.125000 28.125000 28.125000 28.125000 28.125000 28.125000 28.125000 28.125000 28.125000 28.125000 28.125000 28.125000 
26.562500 26.562500 26.562500 26.562500 26.562500 26.562500 26.562500 26.562500 26.562500 26.562500 26.562500 26.562500 26.562500 26.562500 26.562500 26.562500 
24.687500 24.687500 24.687500 24.687500 24.687500 24.687500 24.687500 24.687500 24.687500 24.687500 24.687500 24.687500 24.687500 24.687500 24.687500 24.687500 
25.062500 25.062500 25.062500 25.062500 25.062500 25.062500 25.062500 25.062500 25.062500 25.062500 25.062500 25.062500 25.062500 25.062500 25.062500 25.062500 
26.062500 26.062500 26.062500 26.062500 26.062500 26.062500 26.062500 26.062500 26.062500 26.062500 26.062500 26.062500 26.062500 26.062500 26.062500 26.062500 
22.000000 22.000000 22.000000 22.000000 22.000000 22.000000 22.000000 22.000000 22.000000 22.000000 22.000000 22.000000 22.000000 22.000000 22.000000 22.000000 
23.500000 23.500000 23.500000 23.500000 23.500000 23.500000 23.500000 23.500000 23.500000 23.500000 23.500000 23.500000 23.500000 23.500000 23.500000 23.500000 
20.500000 20.500000 20.500000 20.500000 20.500000 20.500000 20.500000 20.500000 20.500000 20.500000 20.500000 20.500000 20.500000 20.500000 20.500000 20.500000 
49.437500 49.437500 49.437500 49.437500 49.437500 49.437500 49.437500 49.437500 49.437500 49.437500 49.437500 49.437500 49.437500 49.437500 49.437500 49.437500 
50.812500 50.812500 50.812500 50.812500 50.812500 50.812500 50.812500 50.812500 50.812500 50.812500 50.812500 50.812500 50.812500 50.812500 50.812500 50.812500 
51.562500 51.562500 51.562500 51.562500 51.562500 51.562500 51.562500 51.562500 51.562500 51.562500 51.562500 51.562500 51.562500 51.562500 51.562500 51.562500 
52.562500 52.562500 52.562500 52.562500 52.562500 52.562500 52.562500 52.562500 52.562500 52.562500 52.562500 52.562500 52.562500 52.562500 52.562500 52.562500 
56.437500 56.437500 56.437500 56.437500 56.437500 56.437500 56.437500 56.437500 56.437500 56.437500 56.437500 56.437500 56.437500 56.437500 56.437500 56.437500 
56.375000 56.375000 56.375000 56.375000 56.375000 56.375000 56.375000 56.375000 56.375000 56.375000 56.375000 56.375000 56.375000 56.375000 56.375000 56.375000 
56.562500 56.562500 56.562500 56.562500 56.562500 56.562500 56.562500 56.562500 56.562500 56.562500 56.562500 56.562500 56.562500 56.562500 56.562500 56.562500 
55.562500 55.562500 55.562500 55.562500 55.562500 55.562500 55.562500 55.562500 55.562500 55.562500 55.562500 55.562500 55.562500 55.562500 55.562500 55.562500 
56.500000 56.500000 56.500000 56.500000 56.500000 56.500000 56.500000 56.500000 56.500000 56.500000 56.500000 56.500000 56.500000 56.500000 56.500000 56.500000 
57.000000 57.000000 57.000000 57.000000 57.000000 57.000000 57.000000 57.000000 57.000000 57.000000 57.000000 57.000000 57.000000 57.000000 57.000000 57.000000 
60.250000 60.250000 60.250000 60.250000 60.250000 60.250000 60.250000 60.250000 60.250000 60.250000 60.250000 60.250000 60.250000 60.250000 60.250000 60.250000 
57.875000 57.875000 57.875000 57.875000 57.875000 57.875000 57.875000 57.875000 57.875000 57.875000 57.875000 57.875000 57.875000 57.875000 57.875000 57.875000 
62.062500 62.062500 62.062500 62.062500 62.062500 62.062500 62.062500 62.062500 62.062500 62.062500 62.062500 62.062500 62.062500 62.062500 62.062500 62.062500 
61.062500 61.062500 61.062500 61.062500 61.062500 61.062500 61.062500 61.062500 61.062500 61.062500 61.062500 61.062500 61.062500 61.062500 61.062500 61.062500 
60.937500 60.937500 60.937500 60.937500 60.937500 60.937500 60.937500 60.937500 60.937500 60.937500 60.937500 60.937500 60.937500 60.937500 60.937500 60.937500 
61.812500 61.812500 61.812500 61.812500 61.812500 61.812500 61.812500 61.812500 61.812500 61.812500 61.812500 61.812500 61.812500 61.812500 61.812500 61.812500 
43.000000 43.000000 43.000000 43.000000 43.000000 43.000000 43.000000 43.000000 43.000000 43.000000 43.000000 43.000000 43.000000 43.000000 43.000000 43.000000 
48.750000 48.750000 48.750000 48.750000 48.750000 48.750000 48.750000 48.750000 48.750000 48.750000 48.750000 48.750000 48.750000 48.750000 48.750000 48.750000 
49.125000 49.125000 49.125000 49.125000 49.125000 49.125000 49.125000 49.125000 49.125000 49.125000 49.125000 49.125000 49.125000 49.125000 49.125000 49.125000 
44.750000 44.750000 44.750000 44.750000 44.750000 44.750000 44.750000 44.750000 44.750000 44.750000 44.750000 44.750000 44.750000 44.750000 44.750000 44.750000 
50.500000 50.500000 50.500000 50.500000 50.500000 50.500000 50.500000 50.500000 50.500000 50.500000 50.500000 50.500000 50.500000 50.500000 50.500000 50.500000 
47.187500 47.187500 47.187500 47.187500 47.187500 47.187500 47.187500 47.187500 47.187500 47.187500 47.187500 47.187500 47.187500 47.187500 47.187500 47.187500 
47.937500 47.937500 47.937500 47.937500 47.937500 47.937500 47.937500 47.937500 47.937500 47.937500 47.937500 47.937500 47.937500 47.937500 47.937500 47.937500 
51.000000 51.000000 51.000000 51.000000 51.000000 51.000000 51.000000 51.000000 51.000000 51.000000 51.000000 51.000000 51.000000 51.000000 51.000000 51.000000 
46.250000 46.250000 46.250000 46.250000 46.250000 46.250000 46.250000 46.250000 46.250000 46.250000 46.250000 46.250000 46.250000 46.250000 46.250000 46.250000 
51.812500 51.812500 51.812500 51.812500 51.812500 51.812500 51.812500 51.812500 51.812500 51.812500 51.812500 51.812500 51.812500 51.812500 51.812500 51.812500 
51.000000 51.000000 51.000000 51.000000 51.000000 51.000000 51.000000 51.000000 51.000000 51.000000 51.000000 51.000000 51.000000 51.000000 51.000000 51.000000 
51.500000 51.500000 51.500000 51.500000 51.500000 51.500000 51.500000 51.500000 51.500000 51.500000 51.500000 51.500000 51.500000 51.500000 51.500000 51.500000 
49.937500 49.937500 49.937500 49.937500 49.937500 49.937500 49.937500 49.937500 49.937500 49.937500 49.937500 49.937500 49.937500 49.937500 49.937500 49.937500 
50.062500 50.062500 50.062500 50.062500 50.062500 50.062500 50.062500 50.062500 50.062500 50.062500 50.062500 50.062500 50.062500 50.062500 50.062500 50.062500 
52.750000 52.750000 52.750000 52.750000 52.750000 52.750000 52.750000 52.750000 52.750000 52.750000 52.750000 52.750000 52.750000 52.750000 52.750000 52.750000 
51.500000 51.500000 51.500000 51.500000 51.500000 51.500000 51.500000 51.500000 51.500000 51.500000 51.500000 51.500000 51.500000 51.500000 51.500000 51.500000 
27.125000 27.125000 27.125000 27.125000 27.125000 27.125000 27.125000 27.125000 27.125000 27.125000 27.125000 27.125000 27.125000 27.125000 27.125000 27.125000 
28.687500 28.687500 28.687500 28.687500 28.687500 28.687500 28.687500 28.687500 28.687500 28.687500 28.687500 28.687500 28.687500 28.687500 28.687500 28.687500 
31.687500 31.687500 31.687500 31.687500 31.687500 31.687500 31.687500 31.687500 31.687500 31.687500 31.687500 31.687500 31.687500 31.687500 31.687500 31.687500 
31.812500 31.812500 31.812500 31.812500 31.812500 31.812500 31.812500 31.812500 31.812500 31.812500 31.812500 31.812500 31.812500 31.812500 31.812500 31.812500 
29.625000 29.625000 29.625000 29.625000 29.625000 29.625000 29.625000 29.625000 29.625000 29.625000 29.625000 29.625000 29.625000 29.625000 29.625000 29.625000 
30.375000 30.375000 30.375000 30.375000 30.375000 30.375000 30.375000 30.375000 30.375000 30.375000 30.375000 30.375000 30.375000 30.375000 30.375000 30.375000 
33.062500 33.062500 33.062500 33.062500 33.062500 33.062500 33.062500 33.062500 33.062500 33.062500 33.062500 33.062500 33.062500 33.062500 33.062500 33.062500 
33.125000 33.125000 33.125000 33.125000 33.125000 33.125000 33.125000 33.125000 33.125000 33.125000 33.125000 33.125000 33.125000 33.125000 33.125000 33.125000 
24.375000 24.375000 24.375000 24.375000 24.375000 24.375000 24.375000 24.375000 24.375000 24.375000 24.375000 24.375000 24.375000 24.375000 24.375000 24.375000 
28.562500 28.562500 28.562500 28.562500 28.562500 28.562500 28.562500 28.562500 28.562500 28.562500 28.562500 28.562500 28.562500 28.562500 28.562500 28.562500 
28.750000 28.750000 28.750000 28.750000 28.750000 28.750000 28.750000 28.750000 28.750000 28.750000 28.750000 28.750000 28.750000 28.750000 28.750000 28.750000 
28.687500 28.687500 28.687500 28.687500 28.687500 28.687500 28.687500 28.687500 28.687500 28.687500 28.687500 28.687500 28.687500 28.687500 28.687500 28.687500 
25.750000 25.750000 25.750000 25.750000 25.750000 25.750000 25.750000 25.750000 25.750000 25.750000 25.750000 25.750000 25.750000 25.750000 25.750000 25.750000 
25.750000 25.750000 25.750000 25.750000 25.750000 25.750000 25.750000 25.750000 25.750000 25.750000 25.750000 25.750000 25.750000 25.750000 25.750000 25.750000 
21.000000 21.000000 21.000000 21.000000 21.000000 21.000000 21.000000 21.000000 21.000000 21.000000 21.000000 21.000000 21.000000 21.000000 21.000000 21.000000 
